mlp.0.W
1.4809843825870423 1.2905087065877436 0.6727305419488069 1.0147896526113793 1.32236945049321 1.2551750913632906 0.6087008514006436 0.4321179949694403 -0.10493457756904914 -0.06363504022572318
1.2438002876729595 1.0782655506509786 0.4171827592858593 -0.12156145481348318 0.1810100902385135 1.3423191592739756 1.1697078843567463 0.864044603553533 1.3394533644201905 0.8809131413061837
mlp.0.b
-0.20198327905364155 -0.1239791697247808 -0.15577607908849542 0.078448824328228 -0.101884305492121 -0.18262818491269178 -0.12666818152200124 -0.1650390309650188 -0.21255838026787235 -0.20893485168564407
mlp.2.W
0.8570113147526447
0.6271937694197424
-0.1951718714839206
-0.6671390844159961
-0.311769153810245
0.7332771114468833
0.13314808290407754
-0.08050432868652621
-0.6105660849261427
-0.3626635666371706
mlp.2.b
-0.9568555699094312
